train first 3

#0
weight [29.0, 23.0, 15.0, 30.0, 25.0, 25.0, 26.0, 20.0, 17.0, 29.0]
price  [29.9, 15.1, 35.7, 19.1, 19.4, 21.6, 40.7, 30.0, 14.2, 17.1]
sols [1, 0, 1, 0, 0, 0, 1, 1, 0, 0]
opt 136.3

#1
weight [35.0, 16.0, 30.0, 21.0, 29.0, 22.0, 16.0, 22.0, 20.0, 35.0]
price  [24.4, 27.9, 41.4, 22.2, 20.5, 18.7, 36.1, 42.6, 18.4, 40.9]
sols [0, 1, 1, 0, 0, 0, 1, 1, 0, 0]
opt 148.0

#2
weight [26.0, 30.0, 34.0, 33.0, 20.0, 24.0, 30.0, 21.0, 26.0, 23.0]
price  [28.6, 27.2, 11.0, 38.4, 32.0, 28.2, 32.0, 18.3, 27.3, 11.8]
sols [1, 0, 0, 0, 1, 1, 1, 0, 0, 0]
opt 120.8





我的脚本结果
Post-hoc regret: mean 7.127000
Avg optimal_obj (scaled):   149.096000

你的脚本结果
avgPReg:  7.126999999999998
avgTOV:  149.09600000000003
avgEOV:  141.96900000000005